Dow:
 Conf       pl Trades     av wins win %
 0.000   304.20      1 304.20    1   100
 0.067   106.00      1 106.00    1   100
 0.133   461.40     10  46.14    9    90
 0.200  2032.30     36  56.45   32    89
 0.267  5355.29     98  54.65   77    79
 0.333  5099.56    236  21.61  149    63
 0.400  7960.72    421  18.91  250    59
 0.467  3456.13    620   5.57  328    53
 0.533  3402.87    806   4.22  430    53
 0.600 13074.94    629  20.79  396    63
 0.667  4624.29    434  10.66  270    62
 0.733  7176.93    225  31.90  172    76
 0.800  3386.00     97  34.91   75    77
 0.867  1390.60     19  73.19   16    84
 0.933   141.40      2  70.70    2   100
 1.000    14.50      1  14.50    1   100

Dax
  Conf      pl Trades    av wins win %
 0.133   63.28      3 21.09    3   100
 0.200  588.45     18 32.69   14    78
 0.267 3140.58     96 32.71   79    82
 0.333 5576.20    252 22.13  173    69
 0.400 5606.63    418 13.41  246    59
 0.467 3953.65    696  5.68  381    55
 0.533 1730.31    773  2.24  420    54
 0.600 3853.33    676  5.70  389    58
 0.667 6318.74    471 13.42  317    67
 0.733 4099.70    222 18.47  164    74
 0.800 1102.49     49 22.50   39    80
 0.867  173.46     11 15.77    9    82

CAC
  Conf       pl Trades    av wins win %
 0.067    31.52      1 31.52    1   100
 0.133   164.32      9 18.26    6    67
 0.200   822.15     38 21.64   27    71
 0.267  1894.48    117 16.19   89    76
 0.333  4632.52    339 13.67  224    66
 0.400  5687.88    570  9.98  336    59
 0.467  3276.31    804  4.08  419    52
 0.533 -1481.32    708 -2.09  351    50
 0.600  3874.98    558  6.94  341    61
 0.667  3927.90    342 11.49  226    66
 0.733  3157.26    165 19.13  124    75
 0.800   696.97     35 19.91   29    83
 0.867   158.94      9 17.66    7    78

FTSE
  Conf       pl Trades    av wins win %
 0.067    87.00      2 43.50    2   100
 0.133   185.70     14 13.26   12    86
 0.200   560.60     28 20.02   24    86
 0.267  2324.60     96 24.21   71    74
 0.333  2827.59    233 12.14  155    67
 0.400  8273.58    512 16.16  316    62
 0.467   783.57    663  1.18  340    51
 0.533 -2406.50    740 -3.25  367    50
 0.600  5856.00    637  9.19  380    60
 0.667  3993.70    425  9.40  279    66
 0.733  5393.90    196 27.52  141    72
 0.800  1947.30     82 23.75   68    83
 0.867   666.10     17 39.18   15    88
 0.933   191.40      2 95.70    2   100

Nik
 Conf       pl Trades    av wins win %
 0.067    34.41      1 34.41    1   100
 0.133   878.95     15 58.60   13    87
 0.200  3053.27     54 56.54   40    74
 0.267  9560.65    178 53.71  129    72
 0.333 12373.45    380 32.56  251    66
 0.400  9772.25    594 16.45  346    58
 0.467 12895.58    722 17.86  396    55
 0.533  6406.82    661  9.69  364    55
 0.600  8919.13    459 19.43  277    60
 0.667  8289.01    271 30.59  175    65
 0.733  3534.97    103 34.32   69    67
 0.800  3252.80     50 65.06   42    84
 0.867   383.90      5 76.78    5   100

Oz
 Conf     pl Trades     av wins win %
 0.067   17.5      1  17.50    1   100
 0.133  180.3      7  25.76    6    86
 0.200  533.4     38  14.04   28    74
 0.267 1518.4     82  18.52   58    71
 0.333 3089.0    237  13.03  168    71
 0.400 2215.1    436   5.08  261    60
 0.467 1605.2    650   2.47  337    52
 0.533   82.2    730   0.11  368    50
 0.600 3083.6    664   4.64  394    59
 0.667 3601.9    447   8.06  300    67
 0.733 1919.8    206   9.32  145    70
 0.800 1136.5     81  14.03   67    83
 0.867  306.9     19  16.15   18    95
 0.933  -15.0      1 -15.00    0     0